3 3 1.0
0.5 0.499999958333333 -0.5
0.408039157561003 0.545972819717697 -0.54598760631327
0.296928046449892 0.576626313579872 -0.576641091242467
0.179432613796483 0.591953472157281 -0.591967423767095
0.545980227393796 0.408042344584705 -0.545980227393796
0.450177838093833 0.450179918498172 -0.616245871712102
0.328851242076685 0.478271581007348 -0.663084783539623
0.199012774600238 0.49231692582533 -0.686504615249965
0.576631252683168 0.296932301327705 -0.576636171962818
0.478268774106331 0.328853256144727 -0.663086218351451
0.350130540067244 0.350134053745446 -0.720715824776305
0.212063324492042 0.360773627651695 -0.749530841505529
0.591956355387883 0.17943739485961 -0.5919645541873
0.492314832885437 0.199014703790779 -0.686505913400516
0.360771008144039 0.212067097628682 -0.749531131877848
0.218589529519168 0.218592363266621 -0.781043847874912